OVERALL_FRONTIER
group,block,method,samples,score,token,e2e_speed,attn_upper
longbench,32,full_raw,24,0.2465,1.0000,1.000,1.0
longbench,32,top1,24,0.1613,0.0585,1.681,17.1
longbench,32,top2,24,0.1613,0.0610,1.676,16.4
longbench,32,top3,24,0.2029,0.0635,1.673,15.8
longbench,32,top4,24,0.1613,0.0659,1.671,15.2
longbench,32,top6,24,0.1613,0.0709,1.664,14.1
longbench,32,top8,24,0.1196,0.0755,1.661,13.2
longbench,32,top12,24,0.1196,0.0848,1.653,11.8
longbench,32,top16,24,0.1613,0.0942,1.645,10.6
longbench,32,top24,24,0.1613,0.1123,1.624,8.9
longbench,32,top32,24,0.2446,0.1296,1.609,7.7
longbench,64,full_raw,24,0.2465,1.0000,1.000,1.0
longbench,64,top1,24,0.0774,0.0616,1.665,16.2
longbench,64,top2,24,0.0774,0.0660,1.660,15.2
longbench,64,top3,24,0.0774,0.0704,1.651,14.2
longbench,64,top4,24,0.0774,0.0748,1.652,13.4
longbench,64,top6,24,0.0774,0.0833,1.645,12.0
longbench,64,top8,24,0.1191,0.0915,1.638,10.9
longbench,64,top12,24,0.1607,0.1080,1.618,9.3
longbench,64,top16,24,0.1607,0.1245,1.607,8.0
longbench,64,top24,24,0.2441,0.1554,1.576,6.4
longbench,64,top32,24,0.2441,0.1858,1.549,5.4
longbench,128,full_raw,24,0.2465,1.0000,1.000,1.0
longbench,128,top1,24,0.1211,0.0677,1.670,14.8
longbench,128,top2,24,0.1627,0.0760,1.661,13.2
longbench,128,top3,24,0.1627,0.0843,1.654,11.9
longbench,128,top4,24,0.1627,0.0926,1.648,10.8
longbench,128,top6,24,0.2877,0.1091,1.628,9.2
longbench,128,top8,24,0.2461,0.1245,1.617,8.0
longbench,128,top12,24,0.3294,0.1554,1.584,6.4
longbench,128,top16,24,0.2461,0.1845,1.559,5.4
longbench,128,top24,24,0.2044,0.2405,1.506,4.2
longbench,128,top32,24,0.2877,0.2869,1.468,3.5
longbench,256,full_raw,24,0.2465,1.0000,1.000,1.0
longbench,256,top1,24,0.0383,0.0801,1.648,12.5
longbench,256,top2,24,0.2050,0.0961,1.637,10.4
longbench,256,top3,24,0.1633,0.1121,1.618,8.9
longbench,256,top4,24,0.2883,0.1281,1.605,7.8
longbench,256,top6,24,0.2467,0.1587,1.576,6.3
longbench,256,top8,24,0.1633,0.1886,1.549,5.3
longbench,512,full_raw,24,0.2465,1.0000,1.000,1.0
longbench,512,top1,24,0.1595,0.1049,1.628,9.5
longbench,512,top2,24,0.2845,0.1364,1.598,7.3
longbench,512,top3,24,0.2428,0.1679,1.539,6.0
longbench,512,top4,24,0.3262,0.1993,1.537,5.0
longbench,512,top6,24,0.2428,0.2588,1.492,3.9
longbench,512,top8,24,0.2012,0.3134,1.432,3.2
longbench,1024,full_raw,24,0.2465,1.0000,1.000,1.0
longbench,1024,top1,24,0.2461,0.1531,1.590,6.5
longbench,1024,top2,24,0.2878,0.2156,1.531,4.6
longbench,1024,top3,24,0.2461,0.2752,1.479,3.6
longbench,1024,top4,24,0.2044,0.3306,1.407,3.0
longbench,1024,top6,24,0.2044,0.4219,1.330,2.4
longbench,1024,top8,24,0.2044,0.4979,1.301,2.0
longbench,2048,full_raw,24,0.2465,1.0000,1.000,1.0
longbench,2048,top1,24,0.2457,0.2450,1.453,4.1
longbench,2048,top2,24,0.2040,0.3610,1.341,2.8
longbench,2048,top3,24,0.2457,0.4550,1.303,2.2
longbench,2048,top4,24,0.2040,0.5327,1.284,1.9
longbench,2048,top6,24,0.2457,0.6694,1.171,1.5
longbench,2048,top8,24,0.2457,0.7382,1.135,1.4
ruler4k,32,full_raw,24,1.0000,1.0000,1.000,1.0
ruler4k,32,top1,24,0.4583,0.1489,1.304,6.7
ruler4k,32,top2,24,0.7500,0.1578,1.298,6.3
ruler4k,32,top3,24,0.7917,0.1657,1.292,6.0
ruler4k,32,top4,24,0.7917,0.1734,1.289,5.8
ruler4k,32,top6,24,0.8750,0.1848,1.283,5.4
ruler4k,32,top8,24,0.8750,0.1878,1.283,5.3
ruler4k,32,top12,24,0.8750,0.1878,1.283,5.3
ruler4k,32,top16,24,0.8750,0.1878,1.283,5.3
ruler4k,32,top24,24,0.8750,0.1878,1.283,5.3
ruler4k,32,top32,24,0.8750,0.1878,1.283,5.3
ruler4k,64,full_raw,24,1.0000,1.0000,1.000,1.0
ruler4k,64,top1,24,0.5833,0.1570,1.309,6.4
ruler4k,64,top2,24,0.8750,0.1728,1.299,5.8
ruler4k,64,top3,24,0.8333,0.1864,1.292,5.4
ruler4k,64,top4,24,0.9167,0.1999,1.287,5.0
ruler4k,64,top6,24,0.9167,0.2147,1.282,4.7
ruler4k,64,top8,24,0.9167,0.2163,1.282,4.6
ruler4k,64,top12,24,0.9167,0.2163,1.281,4.6
ruler4k,64,top16,24,0.9167,0.2163,1.281,4.6
ruler4k,64,top24,24,0.9167,0.2163,1.281,4.6
ruler4k,64,top32,24,0.9167,0.2163,1.281,4.6
ruler4k,128,full_raw,24,1.0000,1.0000,1.000,1.0
ruler4k,128,top1,24,0.5833,0.1728,1.287,5.8
ruler4k,128,top2,24,0.8333,0.2026,1.273,4.9
ruler4k,128,top3,24,0.9583,0.2282,1.267,4.4
ruler4k,128,top4,24,0.9583,0.2508,1.260,4.0
ruler4k,128,top6,24,0.9583,0.2659,1.252,3.8
ruler4k,128,top8,24,0.9583,0.2695,1.252,3.7
ruler4k,128,top12,24,0.9583,0.2695,1.252,3.7
ruler4k,128,top16,24,0.9583,0.2695,1.252,3.7
ruler4k,128,top24,24,0.9583,0.2695,1.251,3.7
ruler4k,128,top32,24,0.9583,0.2695,1.251,3.7
ruler4k,256,full_raw,24,1.0000,1.0000,1.000,1.0
ruler4k,256,top1,24,0.5833,0.2047,1.344,4.9
ruler4k,256,top2,24,0.8750,0.2624,1.349,3.8
ruler4k,256,top3,24,1.0000,0.3063,1.326,3.3
ruler4k,256,top4,24,1.0000,0.3334,1.321,3.0
ruler4k,256,top6,24,1.0000,0.3541,1.313,2.8
ruler4k,256,top8,24,1.0000,0.3541,1.270,2.8
ruler4k,512,full_raw,24,1.0000,1.0000,1.000,1.0
ruler4k,512,top1,24,0.5833,0.2687,1.222,3.7
ruler4k,512,top2,24,1.0000,0.3769,1.187,2.7
ruler4k,512,top3,24,1.0000,0.4418,1.171,2.3
ruler4k,512,top4,24,0.9583,0.4710,1.143,2.1
ruler4k,512,top6,24,1.0000,0.4782,1.139,2.1
ruler4k,512,top8,24,1.0000,0.4782,1.170,2.1
ruler4k,1024,full_raw,24,1.0000,1.0000,1.000,1.0
ruler4k,1024,top1,24,0.7083,0.3966,1.177,2.5
ruler4k,1024,top2,24,1.0000,0.6005,1.109,1.7
ruler4k,1024,top3,24,1.0000,0.6691,1.113,1.5
ruler4k,1024,top4,24,1.0000,0.6797,1.108,1.5
ruler4k,1024,top6,24,1.0000,0.6797,1.110,1.5
ruler4k,1024,top8,24,1.0000,0.6797,1.110,1.5
ruler4k,2048,full_raw,24,1.0000,1.0000,1.000,1.0
ruler4k,2048,top1,24,0.8333,0.6439,1.112,1.6
ruler4k,2048,top2,24,1.0000,0.7905,1.036,1.3
ruler4k,2048,top3,24,1.0000,0.7905,1.050,1.3
ruler4k,2048,top4,24,1.0000,0.7905,0.965,1.3
ruler4k,2048,top6,24,1.0000,0.7905,1.006,1.3
ruler4k,2048,top8,24,1.0000,0.7905,1.047,1.3
ruler8k,32,full_raw,24,1.0000,1.0000,1.000,1.0
ruler8k,32,top1,24,0.2917,0.0730,1.677,13.7
ruler8k,32,top2,24,0.5417,0.0774,1.671,12.9
ruler8k,32,top3,24,0.6250,0.0813,1.663,12.3
ruler8k,32,top4,24,0.6250,0.0850,1.661,11.8
ruler8k,32,top6,24,0.7917,0.0925,1.646,10.8
ruler8k,32,top8,24,0.7917,0.0987,1.643,10.1
ruler8k,32,top12,24,0.7917,0.1038,1.639,9.6
ruler8k,32,top16,24,0.7917,0.1055,1.638,9.5
ruler8k,32,top24,24,0.7917,0.1064,1.635,9.4
ruler8k,32,top32,24,0.7917,0.1064,1.634,9.4
ruler8k,64,full_raw,24,1.0000,1.0000,1.000,1.0
ruler8k,64,top1,24,0.3333,0.0769,1.668,13.0
ruler8k,64,top2,24,0.7500,0.0846,1.658,11.8
ruler8k,64,top3,24,0.7500,0.0913,1.651,11.0
ruler8k,64,top4,24,0.8333,0.0979,1.643,10.2
ruler8k,64,top6,24,0.8750,0.1101,1.633,9.1
ruler8k,64,top8,24,0.8750,0.1209,1.623,8.3
ruler8k,64,top12,24,0.8750,0.1294,1.611,7.7
ruler8k,64,top16,24,0.8750,0.1306,1.611,7.7
ruler8k,64,top24,24,0.8750,0.1306,1.611,7.7
ruler8k,64,top32,24,0.8750,0.1306,1.611,7.7
ruler8k,128,full_raw,24,1.0000,1.0000,1.000,1.0
ruler8k,128,top1,24,0.3333,0.0847,1.646,11.8
ruler8k,128,top2,24,0.8333,0.0993,1.627,10.1
ruler8k,128,top3,24,0.9583,0.1117,1.620,8.9
ruler8k,128,top4,24,0.9167,0.1243,1.608,8.0
ruler8k,128,top6,24,0.9167,0.1444,1.583,6.9
ruler8k,128,top8,24,0.9167,0.1604,1.572,6.2
ruler8k,128,top12,24,0.9167,0.1702,1.563,5.9
ruler8k,128,top16,24,0.9167,0.1702,1.562,5.9
ruler8k,128,top24,24,0.9167,0.1702,1.562,5.9
ruler8k,128,top32,24,0.9167,0.1702,1.563,5.9
ruler8k,256,full_raw,24,1.0000,1.0000,1.000,1.0
ruler8k,256,top1,24,0.3750,0.1003,1.738,10.0
ruler8k,256,top2,24,0.7917,0.1286,1.725,7.8
ruler8k,256,top3,24,1.0000,0.1527,1.699,6.5
ruler8k,256,top4,24,1.0000,0.1729,1.688,5.8
ruler8k,256,top6,24,1.0000,0.2094,1.644,4.8
ruler8k,256,top8,24,1.0000,0.2363,1.590,4.2
ruler8k,512,full_raw,24,1.0000,1.0000,1.000,1.0
ruler8k,512,top1,24,0.5417,0.1316,1.598,7.6
ruler8k,512,top2,24,0.9167,0.1872,1.543,5.3
ruler8k,512,top3,24,1.0000,0.2270,1.507,4.4
ruler8k,512,top4,24,1.0000,0.2640,1.472,3.8
ruler8k,512,top6,24,1.0000,0.3284,1.436,3.0
ruler8k,512,top8,24,1.0000,0.3602,1.390,2.8
ruler8k,1024,full_raw,24,1.0000,1.0000,1.000,1.0
ruler8k,1024,top1,24,0.6667,0.1942,1.547,5.1
ruler8k,1024,top2,24,0.9583,0.2940,1.495,3.4
ruler8k,1024,top3,24,1.0000,0.3719,1.431,2.7
ruler8k,1024,top4,24,1.0000,0.4446,1.370,2.2
ruler8k,1024,top6,24,1.0000,0.5435,1.296,1.8
ruler8k,1024,top8,24,1.0000,0.5540,1.287,1.8
ruler8k,2048,full_raw,24,1.0000,1.0000,1.000,1.0
ruler8k,2048,top1,24,0.7500,0.3193,1.435,3.1
ruler8k,2048,top2,24,0.9583,0.4972,1.268,2.0
ruler8k,2048,top3,24,1.0000,0.6254,1.199,1.6
ruler8k,2048,top4,24,1.0000,0.6673,1.135,1.5
ruler8k,2048,top6,24,1.0000,0.6778,1.125,1.5
ruler8k,2048,top8,24,1.0000,0.6778,1.142,1.5
ruler16k,32,full_raw,24,0.8750,1.0000,1.000,1.0
ruler16k,32,top1,24,0.2500,0.0357,2.174,28.0
ruler16k,32,top2,24,0.5833,0.0378,2.166,26.4
ruler16k,32,top3,24,0.6667,0.0398,2.155,25.2
ruler16k,32,top4,24,0.6667,0.0416,2.153,24.0
ruler16k,32,top6,24,0.7083,0.0452,2.136,22.1
ruler16k,32,top8,24,0.7500,0.0483,2.129,20.7
ruler16k,32,top12,24,0.7917,0.0540,2.116,18.5
ruler16k,32,top16,24,0.8333,0.0569,2.111,17.6
ruler16k,32,top24,24,0.8333,0.0570,2.112,17.5
ruler16k,32,top32,24,0.8333,0.0570,2.112,17.5
ruler16k,64,full_raw,24,0.8750,1.0000,1.000,1.0
ruler16k,64,top1,24,0.2917,0.0376,2.213,26.6
ruler16k,64,top2,24,0.7083,0.0414,2.197,24.2
ruler16k,64,top3,24,0.8333,0.0448,2.184,22.3
ruler16k,64,top4,24,0.8750,0.0481,2.176,20.8
ruler16k,64,top6,24,0.8333,0.0539,2.163,18.6
ruler16k,64,top8,24,0.8750,0.0588,2.149,17.0
ruler16k,64,top12,24,0.8750,0.0675,2.116,14.8
ruler16k,64,top16,24,0.9167,0.0718,2.107,13.9
ruler16k,64,top24,24,0.9167,0.0720,2.107,13.9
ruler16k,64,top32,24,0.9167,0.0720,2.106,13.9
ruler16k,128,full_raw,24,0.8750,1.0000,1.000,1.0
ruler16k,128,top1,24,0.3750,0.0414,2.196,24.2
ruler16k,128,top2,24,0.7917,0.0485,2.173,20.6
ruler16k,128,top3,24,0.8750,0.0546,2.162,18.3
ruler16k,128,top4,24,0.8750,0.0604,2.147,16.6
ruler16k,128,top6,24,0.8750,0.0696,2.116,14.4
ruler16k,128,top8,24,0.8750,0.0778,2.100,12.9
ruler16k,128,top12,24,0.8750,0.0940,2.051,10.6
ruler16k,128,top16,24,0.9167,0.1018,2.032,9.8
ruler16k,128,top24,24,0.9167,0.1018,2.032,9.8
ruler16k,128,top32,24,0.9167,0.1018,2.032,9.8
ruler16k,256,full_raw,24,0.8750,1.0000,1.000,1.0
ruler16k,256,top1,24,0.4167,0.0490,2.178,20.4
ruler16k,256,top2,24,0.8750,0.0628,2.112,15.9
ruler16k,256,top3,24,0.9583,0.0747,1.987,13.4
ruler16k,256,top4,24,0.9583,0.0832,2.069,12.0
ruler16k,256,top6,24,0.9583,0.0990,2.014,10.1
ruler16k,256,top8,24,0.9583,0.1149,2.007,8.7
ruler16k,512,full_raw,24,0.8750,1.0000,1.000,1.0
ruler16k,512,top1,24,0.4583,0.0643,2.069,15.5
ruler16k,512,top2,24,0.9583,0.0915,2.001,10.9
ruler16k,512,top3,24,1.0000,0.1070,1.964,9.3
ruler16k,512,top4,24,1.0000,0.1226,1.930,8.2
ruler16k,512,top6,24,1.0000,0.1537,1.899,6.5
ruler16k,512,top8,24,1.0000,0.1848,1.814,5.4
ruler16k,1024,full_raw,24,0.8750,1.0000,1.000,1.0
ruler16k,1024,top1,24,0.5417,0.0949,2.018,10.5
ruler16k,1024,top2,24,0.9583,0.1488,1.889,6.7
ruler16k,1024,top3,24,0.9583,0.1796,1.820,5.6
ruler16k,1024,top4,24,1.0000,0.2105,1.752,4.8
ruler16k,1024,top6,24,1.0000,0.2721,1.616,3.7
ruler16k,1024,top8,24,1.0000,0.3314,1.480,3.0
ruler16k,2048,full_raw,24,0.8750,1.0000,1.000,1.0
ruler16k,2048,top1,24,0.5833,0.1561,1.819,6.4
ruler16k,2048,top2,24,0.9583,0.2379,1.703,4.2
ruler16k,2048,top3,24,0.9583,0.2993,1.550,3.3
ruler16k,2048,top4,24,1.0000,0.3584,1.429,2.8
ruler16k,2048,top6,24,1.0000,0.4789,1.302,2.1
ruler16k,2048,top8,24,1.0000,0.5322,1.194,1.9

OVERALL_RECOMMENDATIONS
group,full_score,best_score,best_block,best_k,best_token,best_e2e,best_attn,min_ge_full,min_ge_98full,min_ge_95full
longbench,0.2465,0.3294,128,12,0.155,1.58,6.4,b128_top6@0.109,b128_top6@0.109,b128_top6@0.109
ruler4k,1.0000,1.0000,256,3,0.306,1.33,3.3,b256_top3@0.306,b256_top3@0.306,b128_top3@0.228
ruler8k,1.0000,1.0000,256,3,0.153,1.70,6.5,b256_top3@0.153,b256_top3@0.153,b128_top3@0.112
ruler16k,0.8750,1.0000,512,3,0.107,1.96,9.3,b64_top4@0.048,b64_top4@0.048,b64_top3@0.045

PER_TASK_RECOMMENDATIONS
benchmark,task,full,best_score,best_block,best_k,best_token,best_e2e,best_attn,min_ge_full,min_ge_98full,min_ge_95full
longbench,2wikimqa,0.0000,0.6667,256,2,0.153,1.50,6.5,b32_top1@0.084,b32_top1@0.084,b32_top1@0.084
longbench,gov_report,0.1548,0.1329,32,12,0.046,1.47,21.9,,,
longbench,hotpotqa,0.6667,0.6667,128,6,0.090,2.34,11.1,b128_top6@0.090,b128_top6@0.090,b128_top6@0.090
longbench,multi_news,0.1502,0.1836,256,1,0.398,1.04,2.5,b32_top1@0.286,b32_top1@0.286,b32_top1@0.286
longbench,musique,0.0000,0.3333,32,1,0.036,2.57,27.8,b32_top1@0.036,b32_top1@0.036,b32_top1@0.036
longbench,passage_count,0.0000,0.3333,32,12,0.045,2.17,22.4,b32_top1@0.045,b32_top1@0.045,b32_top1@0.045
longbench,passage_retrieval_en,1.0000,1.0000,1024,1,0.139,1.92,7.2,b1024_top1@0.139,b1024_top1@0.139,b1024_top1@0.139
longbench,qasper,0.0000,0.0000,32,1,0.156,1.28,6.4,b32_top1@0.156,b32_top1@0.156,b32_top1@0.156
ruler_4096,cwe,1.0000,1.0000,64,1,0.120,1.40,8.4,b64_top1@0.120,b64_top1@0.120,b64_top1@0.120
ruler_4096,fwe,1.0000,1.0000,32,12,0.148,1.29,6.7,b32_top1@0.148,b32_top1@0.148,b32_top1@0.148
ruler_4096,niah_multikey_1,1.0000,1.0000,256,3,0.349,1.19,2.9,b256_top3@0.349,b256_top3@0.349,b256_top3@0.349
ruler_4096,niah_multiquery,1.0000,1.0000,64,1,0.168,1.28,5.9,b64_top1@0.168,b64_top1@0.168,b64_top1@0.168
ruler_4096,niah_multivalue,1.0000,1.0000,32,1,0.154,1.28,6.5,b32_top1@0.154,b32_top1@0.154,b32_top1@0.154
ruler_4096,niah_single_1,1.0000,1.0000,32,12,0.174,1.38,5.7,b32_top3@0.174,b32_top3@0.174,b32_top3@0.174
ruler_4096,niah_single_2,1.0000,1.0000,64,2,0.184,1.26,5.4,b64_top2@0.184,b64_top2@0.184,b64_top2@0.184
ruler_4096,vt,1.0000,1.0000,128,3,0.255,1.25,3.9,b128_top3@0.255,b128_top3@0.255,b128_top3@0.255
ruler_8192,cwe,1.0000,1.0000,64,1,0.056,1.95,17.7,b64_top1@0.056,b64_top1@0.056,b64_top1@0.056
ruler_8192,fwe,1.0000,1.0000,32,12,0.074,1.64,13.4,b32_top1@0.074,b32_top1@0.074,b32_top1@0.074
ruler_8192,niah_multikey_1,1.0000,1.0000,128,2,0.109,1.56,9.2,b128_top2@0.109,b128_top2@0.109,b128_top2@0.109
ruler_8192,niah_multiquery,1.0000,1.0000,64,2,0.096,1.59,10.4,b64_top2@0.096,b64_top2@0.096,b64_top2@0.096
ruler_8192,niah_multivalue,1.0000,1.0000,32,2,0.084,1.61,11.9,b32_top2@0.084,b32_top2@0.084,b32_top2@0.084
ruler_8192,niah_single_1,1.0000,1.0000,32,12,0.082,1.69,12.2,b32_top3@0.082,b32_top3@0.082,b32_top3@0.082
ruler_8192,niah_single_2,1.0000,1.0000,256,2,0.134,1.58,7.5,b256_top2@0.134,b256_top2@0.134,b256_top2@0.134
ruler_8192,vt,1.0000,1.0000,128,3,0.124,1.59,8.1,b128_top3@0.124,b128_top3@0.124,b128_top3@0.124
ruler_16384,cwe,0.0000,1.0000,32,2,0.028,0.00,35.4,b32_top1@0.026,b32_top1@0.026,b32_top1@0.026
ruler_16384,fwe,1.0000,1.0000,32,12,0.038,2.45,26.4,b32_top1@0.038,b32_top1@0.038,b32_top1@0.038
ruler_16384,niah_multikey_1,1.0000,1.0000,64,3,0.048,2.49,20.8,b64_top3@0.048,b64_top3@0.048,b64_top3@0.048
ruler_16384,niah_multiquery,1.0000,1.0000,64,3,0.050,2.48,20.0,b64_top3@0.050,b64_top3@0.050,b64_top3@0.050
ruler_16384,niah_multivalue,1.0000,1.0000,32,2,0.040,2.48,25.3,b32_top2@0.040,b32_top2@0.040,b32_top2@0.040
ruler_16384,niah_single_1,1.0000,1.0000,256,2,0.069,2.79,14.5,b256_top2@0.069,b256_top2@0.069,b256_top2@0.069
ruler_16384,niah_single_2,1.0000,1.0000,32,16,0.070,2.38,14.2,b32_top16@0.070,b32_top16@0.070,b32_top16@0.070
ruler_16384,vt,1.0000,1.0000,256,3,0.084,2.39,12.0,b256_top3@0.084,b256_top3@0.084,b256_top3@0.084
